128.45 25.82 20 2.92 -1.80 -1.12 2.25 1.62 -1.75 23
128.56 25.89 24 2.61 -1.38 -1.23 0.97 1.02 -1.16 23
122.01 24.79 105 1.23 0.12 -1.35 0.20 -2.14 -1.43 23
124.38 25.77 171 -2.31 -1.27 3.58 -1.71 -1.64 -1.75 23
100.39 51.32 14 -1.12 -0.23 1.34 0.91 0.32 1.10 26
120.28 19.07 18 3.37 -0.98 -2.39 -1.26 -3.44 -1.69 23
100.61 51.63 12 -1.28 0.97 0.31 1.14 -0.88 0.53 23
124.40 25.41 135 -0.65 -1.40 2.05 -0.73 -0.85 -0.86 23
121.31 22.53 18 2.38 2.03 -4.41 -3.50 -0.73 -2.02 23
123.95 35.84 12 0.10 0.90 -1.00 -0.19 -0.46 0.40 23
104.35 28.15 12 1.70 0.15 -1.85 -0.46 -0.18 0.22 23
123.55 23.39 30 0.11 0.65 -0.76 0.32 0.08 -0.15 24
123.58 23.34 27 0.81 2.83 -3.64 0.79 -0.70 -0.35 23
128.71 29.40 17 -0.58 0.76 -0.17 0.14 -0.15 1.16 23
87.52 28.52 18 -4.60 0.12 4.48 -0.16 -0.50 -1.45 23
87.51 28.54 19 -2.61 -0.58 3.19 -0.60 -0.57 0.14 23
121.84 21.52 19 -0.35 1.85 -1.50 0.57 0.18 -1.21 24
122.54 24.62 117 0.06 -0.52 0.45 1.22 -0.70 -0.19 24
122.01 24.29 33 0.43 -0.69 0.26 0.32 0.33 0.53 24
131.27 29.98 25 2.37 -0.61 -1.76 1.48 1.31 -1.29 23
120.94 19.23 36 3.43 -0.52 -2.91 -0.80 -0.65 -1.45 23
122.58 24.82 16 -1.69 1.81 -0.12 -0.06 -0.64 -0.05 23
73.39 38.12 112 0.73 -0.51 -0.22 -0.05 -0.04 -0.57 25
121.42 22.25 20 4.00 0.76 -4.76 -2.60 0.19 -2.37 23
97.44 52.33 27 3.12 -1.12 -2.00 -0.75 0.11 2.37 23
96.03 22.69 20 -0.39 0.07 0.32 0.99 -0.47 2.36 23
131.28 30.15 26 2.08 -0.71 -1.36 0.98 0.94 -0.90 23
121.10 21.79 30 -0.92 2.11 -1.19 0.14 -0.69 0.25 24
92.92 31.84 19 -3.90 -1.18 5.07 1.91 0.83 4.48 24
93.00 31.93 23 -1.56 -0.23 1.80 0.41 -0.15 0.24 23
108.34 46.76 28 -0.53 2.06 -1.54 -0.16 0.28 1.38 23
81.17 41.80 12 0.53 -0.91 0.38 -0.20 -0.14 0.72 24
132.29 29.67 23 -1.80 0.33 1.47 0.32 0.22 0.74 23
91.38 35.40 28 0.04 -1.26 1.23 -0.08 0.26 1.42 23
92.80 27.45 28 0.79 -1.04 0.25 2.75 0.35 -0.72 23
125.10 26.03 157 -0.10 -0.18 0.28 -0.28 -1.07 -0.33 25
122.72 24.58 105 0.08 -0.23 0.15 0.67 -1.52 0.17 23
87.70 34.32 17 -3.65 -1.53 5.18 -0.35 1.23 1.95 24
100.45 51.24 25 0.21 -0.28 0.07 0.42 0.31 0.84 24
89.68 35.69 22 -0.99 -1.06 2.05 0.53 -0.50 1.39 23
88.95 27.02 28 -0.82 -1.68 2.49 2.83 0.59 -2.31 23
92.93 31.84 18 -2.69 -1.15 3.84 1.09 0.96 0.04 23
129.36 29.36 12 -0.34 0.27 0.06 0.50 0.23 0.93 24
129.33 29.33 12 -0.81 0.68 0.13 1.19 1.43 5.38 23
129.34 29.29 12 -5.22 1.47 3.75 -1.04 1.44 5.22 23
129.43 29.38 15 -1.98 0.43 1.56 -0.55 1.12 4.05 23
129.30 29.26 12 -1.17 0.11 1.06 -0.05 0.84 1.77 23
90.72 31.64 27 -1.50 -0.50 2.00 0.46 0.06 0.15 23
129.38 29.36 12 -0.44 0.31 0.14 0.39 0.09 2.02 23
129.29 29.33 12 -0.91 0.41 0.50 0.24 0.27 1.08 23
129.36 29.30 12 -1.08 -0.07 1.15 0.00 0.19 1.57 23
129.34 29.34 12 -2.58 2.64 -0.06 1.56 3.61 7.93 23
94.38 22.41 38 3.18 2.30 -5.48 0.58 2.77 -0.15 23
121.22 23.74 22 1.57 -0.91 -0.67 1.03 -1.69 -1.40 24
121.42 23.82 22 0.74 -0.39 -0.34 0.38 -0.35 -0.57 25
92.50 26.62 40 1.00 -1.08 0.08 0.35 0.67 0.67 25
121.72 21.81 19 -0.11 1.42 -1.31 0.04 0.05 -1.38 23
123.79 25.66 204 -1.52 1.01 0.50 -1.70 -0.79 -1.26 24
100.43 51.31 27 -2.79 0.66 2.13 0.33 2.08 2.79 24
99.36 24.35 18 -0.12 -1.11 1.23 0.48 0.59 0.87 23
100.06 25.66 24 -0.33 -1.91 2.25 0.65 0.15 0.18 23
100.04 25.63 14 -0.63 -0.35 0.97 0.12 0.32 -0.19 24
100.01 25.62 15 -0.24 -1.44 1.68 -0.05 0.42 -0.01 25
100.12 25.59 22 -4.10 -3.52 7.62 -1.82 -0.99 0.71 23
98.46 34.66 12 -0.21 0.82 -0.62 0.16 -0.08 1.49 27
97.54 34.90 18 0.08 0.61 -0.68 0.19 -0.30 0.27 24
98.87 34.57 30 1.60 -1.29 -0.31 0.20 -0.17 0.11 24
98.11 34.68 31 -0.92 0.49 0.43 -0.05 0.14 0.36 24
98.89 34.48 27 -0.14 -0.57 0.71 0.50 -1.51 4.53 23
97.59 34.81 25 0.29 2.51 -2.80 -0.31 -0.89 0.88 23
100.08 25.55 16 -1.29 -0.67 1.96 0.29 0.63 -0.26 23
122.41 24.85 12 -1.80 1.74 0.05 -0.58 0.47 0.73 23
122.68 24.98 22 -1.80 1.53 0.27 0.22 -0.83 0.52 23
122.64 24.88 13 -1.23 1.31 -0.08 -0.06 -0.65 1.04 23
122.59 24.89 14 -0.86 0.97 -0.11 0.14 -0.32 0.73 23
122.50 24.86 12 -2.09 2.26 -0.17 0.09 -0.01 0.94 23
122.52 24.94 13 -1.41 1.88 -0.47 0.63 -0.57 -0.10 23
122.70 24.96 17 -1.63 1.79 -0.16 0.67 -1.15 0.42 23
122.71 24.87 14 -2.03 2.32 -0.29 -0.19 -1.70 0.57 23
122.89 24.93 13 -1.22 1.50 -0.28 0.57 -2.24 0.73 23
99.14 34.55 19 4.33 -2.38 -1.95 -0.22 -0.73 2.54 23
122.59 24.92 12 -2.31 2.49 -0.18 0.54 -1.02 1.28 23
120.43 20.38 18 -3.26 0.34 2.92 1.14 0.40 0.80 23
122.51 24.87 19 -1.40 1.41 -0.01 -0.01 -0.06 0.34 23
98.27 34.71 25 -0.31 3.61 -3.31 0.04 -1.64 1.85 23
98.44 34.66 25 -1.06 3.81 -2.74 -0.62 -3.11 1.67 23
122.67 24.91 18 -2.36 2.49 -0.13 0.55 -0.92 0.01 23
122.56 24.93 17 -1.65 1.75 -0.10 0.01 -0.13 0.42 23
122.35 24.77 14 0.99 -1.06 0.07 0.38 -0.63 -0.59 23
122.76 24.90 16 -2.33 2.72 -0.40 0.84 -2.89 0.75 23
97.87 34.74 15 4.01 -3.04 -0.96 -0.55 -0.52 1.63 23
122.76 24.93 14 -1.00 1.12 -0.11 0.26 -1.03 0.33 23
122.88 25.07 22 -1.32 1.24 0.09 0.83 -1.41 0.32 23
101.97 24.37 18 0.49 -4.21 3.72 -1.56 0.29 -1.91 23
121.51 23.84 17 3.07 -1.37 -1.71 2.12 -0.22 -1.70 23
121.51 23.85 17 0.83 -0.35 -0.47 0.54 -0.05 -0.56 24
122.60 24.89 12 -1.15 1.19 -0.03 0.12 -0.80 0.25 23
98.01 24.97 20 -0.41 -2.43 2.84 -0.02 0.20 1.46 23
97.23 26.48 27 0.40 0.39 -0.79 0.85 0.32 1.88 23
93.72 38.25 17 1.98 -2.08 0.10 -0.33 -0.03 0.51 24
77.95 34.28 12 -0.96 0.17 0.79 -0.18 0.44 0.63 23
131.75 31.83 24 -1.35 0.44 0.92 0.94 1.92 0.50 23
128.07 28.14 12 0.00 0.46 -0.47 0.59 0.00 1.69 23
90.57 25.86 30 3.10 -3.61 0.51 -0.53 0.25 0.43 23
101.23 19.59 15 -0.15 -1.45 1.60 1.00 0.23 2.04 23
121.57 23.85 13 2.98 -1.72 -1.27 4.62 0.62 -3.72 23
128.11 28.16 15 -0.40 0.17 0.23 0.38 0.45 1.62 23
121.56 23.82 17 2.06 -1.84 -0.22 5.12 0.99 -4.11 23
81.03 41.63 19 2.50 -2.36 -0.14 1.82 0.20 -0.25 23
98.03 34.76 21 -0.62 1.52 -0.90 -0.10 -1.24 4.96 23
128.05 28.18 12 -0.17 0.41 -0.25 0.70 0.34 1.74 23
121.62 23.93 12 0.74 -0.15 -0.58 0.27 0.32 -0.27 24
103.54 30.87 16 1.04 0.12 -1.16 0.60 -0.20 -0.98 23
131.77 33.67 86 0.41 -0.95 0.54 -0.25 0.45 -0.37 24
129.78 26.57 12 -2.10 0.95 1.15 -1.35 1.51 1.67 23
94.56 24.58 47 -0.01 -0.45 0.46 -0.08 -1.56 1.99 23
122.17 24.77 12 -4.62 6.34 -1.72 2.59 1.82 0.11 24
122.10 24.79 13 -0.87 1.08 -0.21 0.71 0.12 -0.03 24
121.30 23.15 14 0.94 -0.31 -0.62 0.10 0.41 -0.48 24
96.01 22.43 27 -0.36 0.34 0.02 1.77 0.04 1.85 23
98.47 34.75 23 0.34 0.43 -0.77 -0.03 -0.08 2.16 23
97.65 34.60 19 -0.68 2.49 -1.82 -0.30 -1.27 3.77 24
129.40 27.34 28 2.15 -0.57 -1.58 1.32 1.42 -1.15 23
95.54 38.91 17 1.52 -0.53 -0.99 -0.00 -0.54 0.85 24
123.55 25.14 132 -0.14 -1.74 1.88 -1.37 -1.64 -3.15 23
89.28 35.39 24 0.16 -2.59 2.43 -0.03 0.72 3.38 23
105.03 28.08 17 1.89 -1.44 -0.45 -0.18 -0.20 -0.38 23
77.83 37.90 20 2.53 -2.26 -0.28 -1.62 -0.03 0.64 23
77.92 37.85 22 1.83 -1.52 -0.31 -0.63 0.26 0.59 23
122.05 23.79 37 0.64 0.11 -0.75 -0.21 0.01 0.10 24
73.14 38.20 27 -0.86 -0.82 1.68 -0.64 -0.00 0.63 23
73.07 38.17 27 -0.14 -2.38 2.53 -0.51 0.67 -0.45 24
121.05 24.14 51 1.67 0.93 -2.60 -2.21 0.48 1.44 23
123.74 23.46 28 2.30 -1.45 -0.85 1.50 1.20 -0.59 23
105.44 29.17 12 1.87 -1.43 -0.44 -0.28 -0.11 0.23 24
73.17 38.57 130 -0.19 -0.73 0.92 -1.21 -0.38 -1.76 23
95.00 25.17 59 -0.60 -0.11 0.70 -0.77 -0.33 0.69 23
100.72 44.89 27 0.08 0.72 -0.80 0.28 0.05 1.31 23
121.76 24.30 48 -1.86 3.05 -1.19 -1.25 2.19 2.10 23
73.16 38.27 18 -4.58 -1.05 5.63 1.98 -0.19 -1.60 23
122.32 24.91 21 -4.84 5.67 -0.83 2.83 -4.38 0.77 23
124.89 25.61 12 -1.03 0.94 0.10 0.34 0.49 0.75 24
124.95 25.59 15 -6.89 5.51 1.38 0.04 0.08 2.74 23
131.42 31.24 31 0.09 -1.79 1.70 0.89 1.10 0.37 24
94.79 22.21 139 2.14 -2.17 0.03 -0.95 -1.08 -0.34 24
130.59 29.41 31 3.40 -2.29 -1.11 1.06 0.96 -2.26 23
91.67 51.39 30 0.16 -3.50 3.34 1.04 -0.07 2.16 23
121.68 23.97 37 1.91 -1.14 -0.77 0.93 1.96 -1.97 23
121.70 24.63 80 0.93 -0.04 -0.90 0.02 -1.94 -0.98 25
87.55 28.58 22 -2.06 -0.01 2.07 -0.12 -0.53 -0.11 23
122.39 23.92 36 1.87 -1.85 -0.03 0.69 0.24 0.07 23
126.31 23.54 22 -0.82 0.94 -0.12 -0.11 0.15 0.25 26
126.33 23.36 18 -1.69 1.47 0.22 0.09 -0.29 0.10 23
130.39 31.24 158 1.48 -1.28 -0.20 0.56 3.92 -1.68 23
101.81 22.25 15 0.01 -1.93 1.92 0.53 -0.52 -0.48 23
101.84 22.26 16 0.06 -0.91 0.85 -0.31 -0.67 -0.91 23
122.17 24.86 17 -2.85 3.09 -0.24 1.82 -0.12 -0.25 23
121.11 33.52 13 1.50 0.56 -2.06 1.45 0.72 4.03 23
122.38 23.86 38 2.60 -3.51 0.90 2.33 1.33 0.04 23
93.43 22.62 42 -0.22 -1.80 2.02 0.25 -0.75 1.02 25
87.97 31.62 18 -2.31 -0.70 3.01 0.37 0.23 0.89 24
134.89 33.89 15 0.26 -0.12 -0.14 0.76 0.70 -0.09 24
129.26 29.18 12 -1.90 0.43 1.47 -2.15 2.58 1.77 23
129.31 29.24 12 -3.37 0.86 2.51 -0.29 1.71 3.57 23
96.18 23.26 16 0.73 1.81 -2.54 1.15 -1.05 -0.41 23
100.57 34.23 25 -0.55 2.74 -2.19 0.14 -0.66 -0.15 23
129.32 29.35 12 -1.84 1.67 0.17 0.48 2.19 1.47 23
129.33 29.35 22 -0.43 1.34 -0.91 0.36 -0.36 0.89 23
129.25 29.34 12 -0.63 0.65 -0.01 0.31 0.60 0.63 25
126.61 24.00 12 -1.58 1.44 0.14 -1.28 -0.45 0.92 23
126.70 24.14 18 -1.90 1.78 0.12 0.12 -0.51 0.77 23
105.23 51.76 22 -1.74 1.28 0.46 0.13 0.46 1.00 23
92.62 39.07 27 3.08 -0.07 -3.01 -1.43 -1.39 4.08 23
101.41 19.48 12 -0.20 -1.42 1.62 0.13 0.87 1.55 24
126.61 27.03 12 -0.44 1.62 -1.17 -0.66 -1.33 2.28 23
101.74 22.29 12 -0.01 -4.12 4.13 -0.28 -0.32 -1.63 24
101.76 22.29 16 0.04 -2.55 2.51 0.80 -0.31 -0.58 23
125.56 25.13 22 -0.78 0.19 0.60 -0.05 0.34 -0.38 25
74.91 35.58 30 -0.32 -0.73 1.06 -0.42 -0.47 -0.27 24
123.37 25.02 14 -1.95 2.09 -0.14 1.18 1.07 0.52 23
122.50 23.84 33 0.76 -0.68 -0.08 0.41 0.34 0.05 24
101.76 22.36 20 -0.04 -2.01 2.04 -0.09 -0.30 -0.39 23
123.61 25.11 14 -1.62 1.78 -0.16 -0.05 -0.62 0.49 23
100.78 27.73 14 -0.51 -0.59 1.10 0.36 0.29 -0.64 24
88.28 33.92 16 0.40 -1.89 1.49 1.28 -0.32 0.07 23
122.07 23.91 33 1.41 -1.84 0.43 1.51 0.70 0.12 25
122.08 23.97 35 3.16 -3.37 0.21 1.57 1.44 0.31 23
101.31 37.81 14 0.02 0.57 -0.59 0.06 0.17 1.04 26
73.59 38.74 120 1.24 -2.50 1.25 -0.15 0.99 -0.20 23
101.50 37.76 18 0.17 6.36 -6.53 -0.07 -1.55 3.40 23
101.51 37.75 19 0.09 -0.53 0.44 0.15 -0.68 2.12 23
101.54 37.83 20 -0.04 2.23 -2.19 0.69 -0.42 0.53 23
122.24 24.17 48 0.83 -0.05 -0.78 0.07 0.42 -0.03 24
95.17 44.74 22 4.33 -3.44 -0.89 0.68 -0.43 2.42 23
93.81 22.88 72 0.85 -1.60 0.75 0.41 -0.30 0.50 24
131.85 32.72 42 -1.73 -1.13 2.86 2.39 3.62 0.13 25
97.39 38.52 18 -0.27 -1.15 1.42 -0.94 0.13 2.83 24
123.69 23.49 31 1.94 -1.49 -0.45 0.98 1.00 -0.85 23
121.90 24.40 24 1.27 -1.83 0.57 6.04 5.82 1.50 23
126.22 26.75 12 -2.20 2.60 -0.39 0.66 1.50 1.48 24
126.31 26.73 12 -3.47 4.60 -1.14 0.20 -2.42 2.29 23
122.16 23.86 35 1.55 -1.97 0.42 1.38 0.65 0.13 24
121.13 20.15 31 0.55 0.15 -0.70 -0.34 -0.44 -0.25 24
120.89 19.23 39 1.82 -0.23 -1.60 -0.43 -0.69 -0.92 24
130.34 28.55 48 1.10 -1.32 0.22 1.70 0.13 -1.93 23
126.24 26.77 12 -2.00 2.22 -0.21 0.47 1.39 1.23 24
126.35 26.81 12 -2.89 2.49 0.40 1.15 0.32 1.14 23
126.22 26.75 12 -1.10 1.10 -0.00 0.28 0.77 0.54 24
95.90 35.79 18 -0.74 1.43 -0.68 0.28 -1.42 5.08 23
130.20 28.09 19 4.33 -0.43 -3.90 1.53 1.95 -1.75 23
101.51 37.78 21 0.19 1.34 -1.53 0.15 -0.18 0.48 23
121.41 23.25 32 -3.00 6.60 -3.60 1.57 3.22 -3.35 23
126.16 26.71 12 -1.63 1.41 0.22 0.27 1.09 0.75 23
74.94 35.64 31 -0.07 -0.56 0.63 -0.34 -0.38 -0.26 24
97.65 39.04 22 0.53 -2.95 2.42 -1.30 0.67 4.33 23
123.85 25.69 205 -5.04 1.81 3.22 -4.50 -1.97 -4.06 23
126.19 26.74 12 -3.11 3.34 -0.23 0.80 2.03 1.45 24
126.45 26.81 13 -2.88 2.66 0.22 1.12 -1.73 1.32 23
77.94 35.97 22 2.85 -3.22 0.37 1.58 -0.15 4.38 23
123.94 25.55 181 -0.57 0.34 0.23 -0.33 -0.40 -0.64 25
126.31 26.75 13 -1.24 1.19 0.06 0.41 -0.38 0.36 23
122.19 23.69 40 1.90 -3.30 1.40 1.55 0.82 -0.23 23
121.51 23.34 31 0.97 -0.17 -0.79 -0.11 0.41 -0.49 26
121.68 23.39 32 5.36 -1.10 -4.27 -0.65 2.34 -1.86 24
121.44 23.34 24 0.81 -0.17 -0.65 -0.00 0.29 -0.37 25
125.88 26.72 15 -1.56 1.45 0.11 -0.25 5.56 0.31 23
122.09 19.38 21 -1.08 3.35 -2.27 2.46 0.25 -5.11 23
126.19 26.73 12 -0.75 0.71 0.04 0.12 0.31 0.29 24
126.32 26.75 12 -5.32 4.57 0.75 0.25 -2.49 2.08 23
121.51 23.44 27 0.98 0.02 -1.01 -0.16 0.48 -0.33 24
97.34 38.54 21 -0.81 -1.10 1.91 -0.30 0.56 5.65 24
97.29 38.59 25 -1.46 0.31 1.15 0.58 1.57 3.94 23
97.32 38.51 20 -0.52 0.32 0.20 -0.06 0.14 3.05 23
128.42 28.73 16 -0.75 2.45 -1.70 0.47 -0.28 1.78 23
122.08 20.82 26 1.63 4.71 -6.34 -2.92 -0.82 1.16 23
126.22 26.74 12 -1.14 1.43 -0.29 0.32 0.45 0.64 24
126.20 26.74 12 -1.46 1.44 0.02 0.32 0.38 0.46 24
126.30 26.74 18 -3.30 3.00 0.29 -0.36 -0.78 0.78 23
126.25 26.70 13 -1.57 1.48 0.09 -0.54 0.95 0.65 23
126.25 26.74 24 -2.05 2.45 -0.40 0.14 0.49 0.42 23
120.95 21.70 21 1.77 1.45 -3.22 0.58 -4.27 -4.40 24
120.97 21.66 20 1.03 0.04 -1.06 -0.29 0.11 -0.23 24
120.97 21.60 24 0.80 -0.07 -0.73 0.00 0.06 -0.16 24
120.97 21.53 17 1.48 0.21 -1.69 0.76 -0.36 -1.11 24
120.99 21.48 19 5.03 -1.65 -3.38 0.39 0.39 -2.50 23
126.20 26.71 12 -2.78 2.45 0.32 -0.31 1.40 1.13 23
126.25 26.75 12 -2.20 2.05 0.15 0.65 0.94 0.83 24
126.34 26.79 12 -3.01 2.75 0.26 1.64 0.45 1.32 23
97.37 38.56 23 2.48 -1.31 -1.17 0.28 1.06 7.05 23
100.67 27.76 25 0.15 -0.09 -0.06 -0.18 -0.35 -1.77 23
120.83 21.41 18 0.83 -0.89 0.06 0.47 -0.59 -0.24 24
123.17 23.46 17 -0.05 0.64 -0.59 0.13 -0.35 -0.89 24
126.06 26.63 15 -1.47 1.14 0.34 0.06 1.18 0.60 23
94.25 22.73 74 -1.55 -0.51 2.06 -0.68 -0.74 0.76 23
132.01 31.58 31 0.71 -0.01 -0.70 0.26 0.44 -0.24 24
126.29 26.76 12 -1.32 1.29 0.03 0.52 0.43 0.48 24
126.29 26.76 12 -1.77 1.68 0.09 0.73 0.68 0.55 24
122.43 23.85 34 1.58 -2.14 0.56 1.88 1.29 -0.27 25
120.78 19.29 38 0.76 -0.13 -0.63 -0.36 -0.42 -0.47 24
123.66 23.42 28 2.65 1.75 -4.39 1.72 -0.04 -0.09 23
102.71 29.67 34 -0.09 2.79 -2.69 0.56 -0.14 -1.15 23
91.93 32.20 24 -0.23 -6.30 6.53 1.23 0.51 0.43 23
103.06 30.34 22 6.19 -0.70 -5.49 -0.47 0.53 -3.64 24
126.23 26.77 12 -2.71 2.76 -0.05 0.61 1.35 1.02 24
123.46 25.72 233 -4.96 -2.14 7.09 -1.28 -2.02 -3.13 23
77.71 36.13 30 -0.83 -2.05 2.88 1.52 -0.01 3.63 23
105.80 52.14 22 -0.63 0.08 0.55 0.51 0.37 0.33 24
101.81 32.23 24 -0.28 3.44 -3.17 -0.35 -0.83 -1.14 24
101.80 32.24 19 -0.24 1.84 -1.60 -0.29 -0.83 -0.41 23
101.86 32.23 22 -0.03 0.87 -0.84 0.00 -0.15 -0.37 25
101.87 32.19 22 -0.02 0.88 -0.85 -0.11 -0.26 -0.79 24
101.85 32.22 22 -0.01 1.12 -1.10 -0.13 -0.29 -1.10 23
84.05 35.69 25 -0.20 -1.01 1.21 1.12 -0.08 1.39 23
134.37 34.00 57 -1.70 -1.30 3.00 -1.20 1.89 -0.84 23
126.20 26.73 12 -1.72 1.63 0.09 0.65 0.96 0.58 24
126.35 26.76 12 -5.75 5.34 0.41 0.62 -1.38 1.45 23
103.81 27.21 24 -0.32 1.17 -0.86 -0.69 -0.78 -0.85 23
121.40 23.64 13 0.95 -0.50 -0.44 0.34 -0.02 -0.58 25
126.15 26.70 15 -1.19 1.02 0.16 0.23 0.50 0.31 23
122.41 23.99 36 5.71 -6.62 0.91 3.76 2.75 -0.07 23
121.36 23.48 22 2.18 -0.40 -1.77 0.56 0.04 -0.89 23
121.48 23.63 19 2.51 -0.33 -2.18 0.40 0.91 -0.95 23
120.30 22.08 14 -3.88 -0.79 4.66 2.51 -4.26 -0.73 23
120.16 22.11 12 -1.34 0.27 1.07 0.12 -0.09 0.46 23
120.36 22.05 13 -3.32 -0.40 3.72 2.41 -4.42 -0.34 23
120.23 22.04 12 -1.34 -0.06 1.40 0.05 -0.75 0.14 24
99.95 21.12 17 -1.09 -2.12 3.21 0.88 0.14 0.69 23
120.96 19.15 51 1.06 -0.27 -0.80 -0.16 -0.50 -0.56 25
78.39 37.73 18 -0.61 -0.44 1.05 -4.86 2.24 -0.10 23
78.04 40.93 12 3.50 -3.52 0.02 -0.57 -0.67 -1.31 23
94.95 19.37 23 -0.26 1.69 -1.43 -2.40 0.52 3.67 23
126.22 26.74 12 -4.58 5.17 -0.59 1.08 1.00 2.04 23
126.19 26.74 12 -3.83 3.52 0.31 0.40 1.63 1.31 23
99.94 21.12 15 -0.89 -1.91 2.80 0.70 0.05 0.84 23
99.95 21.14 12 -0.24 -0.67 0.91 0.19 0.27 0.45 25
121.39 23.14 32 2.91 0.04 -2.95 -0.94 0.86 -1.50 23
126.16 26.72 12 -4.92 4.69 0.23 1.23 1.94 1.26 23
126.19 26.71 13 -2.20 2.19 0.00 -0.15 1.30 0.75 23
99.97 21.09 12 -0.88 0.35 0.53 0.38 0.97 1.27 23
90.70 50.40 13 1.99 -2.70 0.72 0.21 0.17 -0.20 24
85.15 34.32 26 0.11 -1.92 1.81 0.74 0.41 0.82 23
86.82 27.07 15 -0.12 -0.74 0.86 0.60 1.33 0.16 23
127.34 27.08 108 0.21 -0.15 -0.06 -1.57 -1.10 -0.26 23
92.96 33.15 17 0.11 -2.75 2.64 0.73 0.37 3.23 24
99.23 38.55 24 6.87 -3.51 -3.36 -0.42 0.16 2.62 23
90.25 32.86 23 -1.40 0.33 1.07 -1.32 1.17 0.71 23
122.24 23.97 38 1.90 -2.11 0.22 1.20 0.35 0.57 23
123.47 25.16 166 -0.28 -0.75 1.02 0.58 -0.49 -1.21 24
94.47 23.73 89 0.86 1.05 -1.92 -0.26 -1.06 0.85 23
130.74 28.74 21 1.88 -0.91 -0.98 1.31 1.28 -0.90 24
126.39 26.80 14 -1.39 1.28 0.11 0.23 -0.02 0.19 23
81.86 33.69 23 -2.43 0.22 2.21 1.07 0.02 -0.63 23
126.38 26.78 12 -2.00 1.94 0.06 0.97 0.38 0.66 23
131.99 31.46 21 2.10 -0.48 -1.61 0.02 0.68 -0.55 23
102.24 29.50 18 -0.10 0.68 -0.58 0.33 -0.10 -0.97 26
102.36 29.32 25 -0.37 1.95 -1.58 -0.17 -0.56 -0.89 23
125.84 26.27 12 -2.24 1.90 0.34 0.58 0.32 0.84 23
121.27 22.41 23 1.43 0.10 -1.54 -0.88 -0.10 -1.11 23
77.72 35.98 25 0.44 -1.66 1.22 1.23 -0.32 2.68 23
125.92 26.31 14 -0.42 0.56 -0.14 -0.06 -0.29 1.04 23
121.13 23.03 15 1.42 -5.07 3.65 3.05 -3.90 -5.78 25
121.24 23.11 12 0.53 -1.32 0.80 2.07 -0.41 -2.43 24
121.38 23.05 23 3.01 -0.66 -2.35 0.25 0.82 -0.70 23
121.38 23.10 29 2.93 -0.75 -2.18 -0.91 0.97 -0.68 23
121.23 23.12 15 0.20 -1.92 1.72 1.68 -2.93 -2.21 24
125.80 26.30 12 -2.97 2.76 0.21 0.83 1.04 1.23 23
121.21 23.23 15 1.73 -2.20 0.47 1.12 -1.46 -2.81 26
126.03 26.25 14 -0.41 0.44 -0.03 -0.12 0.08 0.86 25
121.28 23.24 22 1.34 -0.39 -0.95 0.32 0.19 -0.28 25
121.34 23.46 19 0.63 -0.64 0.01 1.14 -1.79 -1.71 24
126.37 26.22 29 -0.36 1.50 -1.14 -1.12 -0.49 1.97 23
127.03 23.90 15 -0.75 0.77 -0.02 0.09 0.60 2.61 23
127.14 24.75 29 2.06 -1.10 -0.96 1.72 0.10 -0.75 23
95.02 22.98 168 2.28 -2.70 0.42 -2.26 -1.07 0.68 24
131.59 31.37 35 4.79 -0.35 -4.45 2.06 2.81 -1.81 24
126.91 27.62 186 -0.22 -0.01 0.24 -0.39 -1.63 -0.17 24
121.59 23.48 38 2.10 -0.75 -1.34 0.24 1.12 -1.16 23
122.09 23.90 30 1.89 -2.84 0.95 2.95 1.94 0.20 24
105.66 52.01 27 -0.73 -0.24 0.97 0.96 0.87 0.14 24
78.22 39.41 13 1.19 0.41 -1.61 0.25 0.32 0.12 23
121.45 21.28 15 2.99 -0.62 -2.38 0.28 2.81 -0.33 23
92.26 37.82 15 0.55 -1.15 0.60 0.02 -0.70 0.15 24
102.18 29.61 13 -0.67 0.22 0.45 0.36 0.19 -0.39 24
77.98 37.65 14 3.81 -4.39 0.58 0.55 -0.10 1.31 23
121.87 24.73 98 0.96 0.17 -1.13 0.45 -1.18 -0.88 23
121.22 22.94 12 1.40 2.52 -3.92 -0.44 1.06 -1.62 23
122.49 24.72 120 2.05 -2.92 0.87 4.56 -2.13 -1.14 23
86.83 33.00 14 -2.90 -1.13 4.03 1.98 0.40 0.34 23
92.09 33.08 15 -0.10 -4.52 4.62 0.63 1.19 0.65 23
