104.35 28.15 12 1.70 0.15 -1.85 -0.46 -0.18 0.22 23
87.52 28.52 18 -4.60 0.12 4.48 -0.16 -0.50 -1.45 23
87.51 28.54 19 -2.61 -0.58 3.19 -0.60 -0.57 0.14 23
92.92 31.84 19 -3.90 -1.18 5.07 1.91 0.83 4.48 24
93.00 31.93 23 -1.56 -0.23 1.80 0.41 -0.15 0.24 23
81.17 41.80 12 0.53 -0.91 0.38 -0.20 -0.14 0.72 24
91.38 35.40 28 0.04 -1.26 1.23 -0.08 0.26 1.42 23
92.80 27.45 28 0.79 -1.04 0.25 2.75 0.35 -0.72 23
87.70 34.32 17 -3.65 -1.53 5.18 -0.35 1.23 1.95 24
89.68 35.69 22 -0.99 -1.06 2.05 0.53 -0.50 1.39 23
92.93 31.84 18 -2.69 -1.15 3.84 1.09 0.96 0.04 23
90.72 31.64 27 -1.50 -0.50 2.00 0.46 0.06 0.15 23
99.36 24.35 18 -0.12 -1.11 1.23 0.48 0.59 0.87 23
100.06 25.66 24 -0.33 -1.91 2.25 0.65 0.15 0.18 23
100.04 25.63 14 -0.63 -0.35 0.97 0.12 0.32 -0.19 24
100.01 25.62 15 -0.24 -1.44 1.68 -0.05 0.42 -0.01 25
100.12 25.59 22 -4.10 -3.52 7.62 -1.82 -0.99 0.71 23
98.46 34.66 12 -0.21 0.82 -0.62 0.16 -0.08 1.49 27
97.54 34.90 18 0.08 0.61 -0.68 0.19 -0.30 0.27 24
98.87 34.57 30 1.60 -1.29 -0.31 0.20 -0.17 0.11 24
98.11 34.68 31 -0.92 0.49 0.43 -0.05 0.14 0.36 24
98.89 34.48 27 -0.14 -0.57 0.71 0.50 -1.51 4.53 23
97.59 34.81 25 0.29 2.51 -2.80 -0.31 -0.89 0.88 23
100.08 25.55 16 -1.29 -0.67 1.96 0.29 0.63 -0.26 23
99.14 34.55 19 4.33 -2.38 -1.95 -0.22 -0.73 2.54 23
98.27 34.71 25 -0.31 3.61 -3.31 0.04 -1.64 1.85 23
98.44 34.66 25 -1.06 3.81 -2.74 -0.62 -3.11 1.67 23
97.87 34.74 15 4.01 -3.04 -0.96 -0.55 -0.52 1.63 23
101.97 24.37 18 0.49 -4.21 3.72 -1.56 0.29 -1.91 23
93.72 38.25 17 1.98 -2.08 0.10 -0.33 -0.03 0.51 24
81.03 41.63 19 2.50 -2.36 -0.14 1.82 0.20 -0.25 23
98.03 34.76 21 -0.62 1.52 -0.90 -0.10 -1.24 4.96 23
103.54 30.87 16 1.04 0.12 -1.16 0.60 -0.20 -0.98 23
98.47 34.75 23 0.34 0.43 -0.77 -0.03 -0.08 2.16 23
97.65 34.60 19 -0.68 2.49 -1.82 -0.30 -1.27 3.77 24
95.54 38.91 17 1.52 -0.53 -0.99 -0.00 -0.54 0.85 24
89.28 35.39 24 0.16 -2.59 2.43 -0.03 0.72 3.38 23
105.03 28.08 17 1.89 -1.44 -0.45 -0.18 -0.20 -0.38 23
77.83 37.90 20 2.53 -2.26 -0.28 -1.62 -0.03 0.64 23
77.92 37.85 22 1.83 -1.52 -0.31 -0.63 0.26 0.59 23
105.44 29.17 12 1.87 -1.43 -0.44 -0.28 -0.11 0.23 24
87.55 28.58 22 -2.06 -0.01 2.07 -0.12 -0.53 -0.11 23
101.81 22.25 15 0.01 -1.93 1.92 0.53 -0.52 -0.48 23
101.84 22.26 16 0.06 -0.91 0.85 -0.31 -0.67 -0.91 23
121.11 33.52 13 1.50 0.56 -2.06 1.45 0.72 4.03 23
87.97 31.62 18 -2.31 -0.70 3.01 0.37 0.23 0.89 24
100.57 34.23 25 -0.55 2.74 -2.19 0.14 -0.66 -0.15 23
92.62 39.07 27 3.08 -0.07 -3.01 -1.43 -1.39 4.08 23
101.74 22.29 12 -0.01 -4.12 4.13 -0.28 -0.32 -1.63 24
101.76 22.29 16 0.04 -2.55 2.51 0.80 -0.31 -0.58 23
101.76 22.36 20 -0.04 -2.01 2.04 -0.09 -0.30 -0.39 23
100.78 27.73 14 -0.51 -0.59 1.10 0.36 0.29 -0.64 24
88.28 33.92 16 0.40 -1.89 1.49 1.28 -0.32 0.07 23
101.31 37.81 14 0.02 0.57 -0.59 0.06 0.17 1.04 26
101.50 37.76 18 0.17 6.36 -6.53 -0.07 -1.55 3.40 23
101.51 37.75 19 0.09 -0.53 0.44 0.15 -0.68 2.12 23
101.54 37.83 20 -0.04 2.23 -2.19 0.69 -0.42 0.53 23
97.39 38.52 18 -0.27 -1.15 1.42 -0.94 0.13 2.83 24
95.90 35.79 18 -0.74 1.43 -0.68 0.28 -1.42 5.08 23
101.51 37.78 21 0.19 1.34 -1.53 0.15 -0.18 0.48 23
97.65 39.04 22 0.53 -2.95 2.42 -1.30 0.67 4.33 23
77.94 35.97 22 2.85 -3.22 0.37 1.58 -0.15 4.38 23
97.34 38.54 21 -0.81 -1.10 1.91 -0.30 0.56 5.65 24
97.29 38.59 25 -1.46 0.31 1.15 0.58 1.57 3.94 23
97.32 38.51 20 -0.52 0.32 0.20 -0.06 0.14 3.05 23
97.37 38.56 23 2.48 -1.31 -1.17 0.28 1.06 7.05 23
100.67 27.76 25 0.15 -0.09 -0.06 -0.18 -0.35 -1.77 23
102.71 29.67 34 -0.09 2.79 -2.69 0.56 -0.14 -1.15 23
91.93 32.20 24 -0.23 -6.30 6.53 1.23 0.51 0.43 23
103.06 30.34 22 6.19 -0.70 -5.49 -0.47 0.53 -3.64 24
77.71 36.13 30 -0.83 -2.05 2.88 1.52 -0.01 3.63 23
101.81 32.23 24 -0.28 3.44 -3.17 -0.35 -0.83 -1.14 24
101.80 32.24 19 -0.24 1.84 -1.60 -0.29 -0.83 -0.41 23
101.86 32.23 22 -0.03 0.87 -0.84 0.00 -0.15 -0.37 25
101.87 32.19 22 -0.02 0.88 -0.85 -0.11 -0.26 -0.79 24
101.85 32.22 22 -0.01 1.12 -1.10 -0.13 -0.29 -1.10 23
84.05 35.69 25 -0.20 -1.01 1.21 1.12 -0.08 1.39 23
103.81 27.21 24 -0.32 1.17 -0.86 -0.69 -0.78 -0.85 23
78.39 37.73 18 -0.61 -0.44 1.05 -4.86 2.24 -0.10 23
78.04 40.93 12 3.50 -3.52 0.02 -0.57 -0.67 -1.31 23
85.15 34.32 26 0.11 -1.92 1.81 0.74 0.41 0.82 23
92.96 33.15 17 0.11 -2.75 2.64 0.73 0.37 3.23 24
99.23 38.55 24 6.87 -3.51 -3.36 -0.42 0.16 2.62 23
90.25 32.86 23 -1.40 0.33 1.07 -1.32 1.17 0.71 23
81.86 33.69 23 -2.43 0.22 2.21 1.07 0.02 -0.63 23
102.24 29.50 18 -0.10 0.68 -0.58 0.33 -0.10 -0.97 26
102.36 29.32 25 -0.37 1.95 -1.58 -0.17 -0.56 -0.89 23
77.72 35.98 25 0.44 -1.66 1.22 1.23 -0.32 2.68 23
78.22 39.41 13 1.19 0.41 -1.61 0.25 0.32 0.12 23
92.26 37.82 15 0.55 -1.15 0.60 0.02 -0.70 0.15 24
102.18 29.61 13 -0.67 0.22 0.45 0.36 0.19 -0.39 24
77.98 37.65 14 3.81 -4.39 0.58 0.55 -0.10 1.31 23
86.83 33.00 14 -2.90 -1.13 4.03 1.98 0.40 0.34 23
92.09 33.08 15 -0.10 -4.52 4.62 0.63 1.19 0.65 23
95.14 29.69 12 4.36 -2.70 -1.66 -2.76 3.49 2.68 25
117.93103448275863 38.64309817568281 15 -0.24 -1.44 1.68 -0.05 0.42 -0.01 24
122.52873563218391 43.97474427923653 15 2.99 -0.62 -2.38 0.28 2.81 -0.33 23
122.18390804597702 44.61615522513973 13 1.99 -2.70 0.72 0.21 0.17 -0.20 24
123.10344827586206 44.71000738163029 89 0.86 1.05 -1.92 -0.26 -1.06 0.85 23